23322
41211
31224
14111
26857
17568
63760
22660
25357
5962
34084
47380
33962
24327
62335
61115
63346
45708
52209
704
8077
34632
50180
45036
62193
31044
35876
49899
41100
35890
23280
60585
6564
956
11593
15420
6328
28984
47803
65461
6782
55788
57968
58452
5674
50479
21405
2861
48816
22781
58291
53108
38906
51118
42363
56576
30151
64449
4192
40848
58438
29458
54528
18866
63331
56043
52828
48814
18406
29425
58678
31831
59489
32635
5267
51952
3598
55260
61397
54768
50003
16914
53091
45689
59071
21905
53548
54616
18656
36872
10036
27429
31223
394
4142
56316
54642
1230
35549
28164
30284
7857
5991
32220
11778
6248
24253
60259
65187
19111
48690
30165
41739
61754
26187
25058
29741
24516
61860
2530
62029
61450
62842
25840
62424
12611
46242
43800
28395
13960
43348
35876
17506
38270
49920
61636
37890
21685
54632
26785
18482
29820
13568
42183
45094
21223
23038
52482
32466
13265
30931
5769
6532
16094
398
9364
5841
64762
24143
11816
21943
64133
36862
5730
38191
33886
60373
51046
19511
50319
53538
53782
62895
36129
8504
63467
17597
61085
18055
31078
15378
60097
32843
61746
51914
52922
22406
18161
7314
15835
6656
65454
50974
21897
45718
25406
44168
54553
43150
49338
49371
41532
18651
17966
3993
38792
4628
59286
61375
46922
40631
48122
20461
62175
24058
63641
55480
58249
33953
38511
31908
43728
32096
59355
6831
57649
42927
39482
473
21924
10445
15465
8624
51052
15364
49250
44967
51727
28766
24539
21080
47147
50237
13967
64069
4916
18519
63892
45486
58347
13419
32651
11683
20149
25599
13036
45500
27070
28944
34144
39744
48117
3139
35730
22919
57467
60976
59513
9733
13637
24229
17608
50013
17593
63990
25788
42056
42927
33345
14637
25864
41934
61758
58615
27111
62752
53061
36241
24818
57786
51744
12035
5091
43817
16142
57191
13006
35955
63175
19789
37963
32592
35026
15657
65110
5059
63871
52390
24870
8075
26356
47007
57835
58293
55119
18118
39982
22014
46619
27893
28686
55300
44216
7399
37674
26082
3611
12941
60833
45030
57090
50578
46794
50263
62729
26545
15545
12305
54465
952
13537
47181
33036
25797
57844
11311
22761
54240
22190
25903
10273
46562
21930
44065
57950
17281
61590
23744
57627
61960
17963
24819
37648
13781
54479
9778
17214
51631
50841
47435
46116
57311
63265
60837
50627
21025
42695
4340
8130
2025
21934
17650
38607
42601
25142
64587
31452
11260
50721
25143
45617
64091
13801
27600
23272
60105
34418
55727
44155
1881
428
22610
9772
12983
13117
63663
28481
48366
30312
53947
17146
52908
52342
8826
3847
44084
16702
57192
28401
18801
13981
9458
40676
50872
8235
2769
49442
20916
44103
6635
8868
22261
6986
45762
6712
62799
61946
7410
24189
370
28460
26702
64428
41812
6085
9468
13865
21946
16066
54645
47009
57799
6880
36064
65095
12066
61298
26908
23356
60106
46246
48710
12327
62874
9948
17223
35717
65361
29790
27807
24641
65468
23224
5939
9201
14646
44212
43420
33228
40731
58910
35272
21216
5432
11010
42523
27723
52523
64672
13012
10689
24127
39416
11822
60270
49097
57973
51150
60002
2185
26802
13449
41982
42241
6824
7641
40064
24189
36529
47703
55550
20126
36789
30177
47644
13402
44718
26340
48582
23466
9195
46731
37051
41668
10447
22256
48927
22982
35596
32127
23024
13069
48362
63460
57713
38282
19208
37838
27577
59672
30762
13990
61084
5847
35783
28768
58802
53017
43656
831
8527
25506
49116
52651
54619
35973
6298
16859
42288
10774
9935
27717
53743
29394
55401
8966
27464
58797
3402
37133
12178
48884
53445
34403
65348
38181
62927
47392
42831
64722
33456
11744
59972
57344
61239
56537
27196
47112
52426
7789
41827
63965
27523
33768
40907
2190
50194
47639
64969
26504
51625
17060
13559
61191
30686
51261
61461
47034
21828
4784
26560
8128
36868
7435
55498
63255
23498
56749
54768
46875
4908
16453
7821
53763
33531
59997
50915
39029
22151
56735
49662
54674
43777
1797
31634
54346
4678
51255
51928
60547
22053
47012
47492
21688
40644
1454
65188
1482
38061
42688
12815
37179
31455
26490
9564
52920
26525
39480
1358
24894
56016
53375
36289
43679
60133
11880
51243
53185
49679
45419
6571
13090
37001
51396
65295
3402
63833
34604
3746
49488
40773
39353
34162
9907
20121
17646
63324
3612
29076
59621
58794
53497
54388
55154
47187
1499
36112
17935
38526
58393
61463
51989
35571
37855
48924
36440
23189
6805
53095
44431
46987
51984
55811
14652
49145
45477
64189
22552
12462
64641
53932
61374
26914
21684
37399
24285
45796
17645
17080
54654
35129
42481
44013
3553
13703
54507
24072
32747
22426
55625
36563
64980
46312
10215
49619
52686
52992
48681
45948
20148
42886
65132
49731
63971
60825
44294
10407
36730
55343
46499
39748
54560
59204
27400
33815
50275
37214
27153
8425
17642
32588
34912
3914
19025
42831
61082
7757
59233
21874
56275
13111
2235
12514
28284
14364
51649
56338
29225
39077
42696
24355
3761
41915
33388
44488
27784
29398
25038
21596
34960
57778
13063
47767
18760
12099
61366
55573
49648
49438
57435
45663
17166
56999
63218
25722
47666
26087
16571
52843
9474
15245
54757
58662
61971
4107
20891
50671
38462
28118
44769
29334
32893
19816
35481
34596
33131
48630
39949
24047
40534
56467
62964
42865
45055
49632
41538
53926
58645
2058
53523
28728
7455
33344
26032
9782
12340
17173
14237
50784
5561
11631
28319
16933
43151
62234
28979
61639
58689
24537
15877
59715
60735
40273
29665
27326
3023
18383
2720
39838
55981
22576
26097
60084
6491
14991
43896
33586
32068
10272
59704
7008
20482
56772
45333
4982
14653
62938
533
47040
23820
24032
48286
29279
30570
3252
38812
46434
33793
34005
31617
62318
34836
5588
43767
64570
37726
48622
34308
41103
19523
63059
1145
44417
44581
49897
4806
39643
54631
12747
10389
59975
44711
37405
57975
48248
10726
19519
60173
28986
52794
31587
57559
1793
57450
40620
58563
6131
60933
19524
46469
31613
64279
60471
52794
64486
31863
5539
4046
48617
54898
7435
57652
56239
34282
63383
12564
48127
41861
9400
54040
4141
1876
13405
27255
18423
55714
55160
16360
43437
53871
15165
46861
61031
64145
42608
50477
49891
2822
22940
46791
64279
820
24435
10882
55694
49587
37421
62993
40183
22378
42202
38386
1798
46995
20988
37550
8141
26525
42076
52378
24654
53240
27251
53454
18535
64967
61605
15074
59461
51381
8136
38469
52153
42082
20110
62960
13777
19399
41502
10305
56387
1735
31077
37439
41383
40491
55705
35550
9437
20254
20682
9095
32425
12284
28947
51884
10394
46708
43318
50209
41722
35941
29790
28991
39108
12561
57509
16395
46999
55672
11355
10351
13954
41144
15159
15545
42646
1691
16105
21809
45752
7090
54103
44149
60377
20658
31412
31440
6436
6298
18579
53936
30451
63185
54017
46476
15477
49651
32568
57608
10692
11431
40919
9220
3686
28178
36699
53533
3847
42537
63642
38616
59981
45515
14611
48118
21316
11708
40929
13647
28504
13906
58077
21903
19312
53579
58000
8190
63753
40095
52123
63243
13593
35600
29728
32463
28610
50852
29584
10596
35466
9530
37253
61788
39240
34584
25739
5638
29437
32198
4745
360
23495
7299
29406
60105
30739
54380
14207
41373
30614
16434
12981
13205
7014
27478
4862
63201
62134
54881
51204
17553
42215
60003
20856
13979
41153
9963
46131
17426
10370
31732
62685
46893
43402
26353
1515
4759
6399
41830
14415
27235
45229
63298
25641
57931
28528
18341
14814
12074
5999
34839
17516
8767
61882
17397
42239
37022
12395
60755
13737
34459
53463
10601
48730
49557
56276
63429
32383
65133
34196
29393
8752
8673
22205
49852
30999
2996
62049
40094
32633
34673
46213
54932
52336
35800
15803
27309
12321
21734
63060
21186
58018
13279
36479
27549
14166
36369
10122
31869
6906
42101
16127
34378
39771
40867
19870
26818
15809
58242
18060
47530
31740
3275
32467
33993
52992
56748
1799
63434
19901
56161
35974
58579
7366
9814
568
51192
14757
8683
56142
11608
34605
49519
38866
41189
56528
8764
12437
12703
59142
2987
6261
14031
64945
50458
61867
60938
12094
14377
47312
41286
10411
37419
35605
54008
59393
24480
9645
10111
42742
42043
22488
23613
55873
6967
21441
20442
38976
49135
40397
47115
3547
47949
1487
30238
26459
9268
25589
40396
29286
11080
41618
25261
61568
43480
53969
24513
6163
38477
49371
46041
45813
11687
51351
27203
36064
65364
44281
16406
30971
19189
17121
57708
52940
64163
46256
19571
45658
25318
8547
65220
49286
25811
35171
62644
42557
7326
61326
6087
11566
53841
32483
8814
1226
1009
56187
8603
27638
37985
12883
36816
56190
31590
6911
26251
19695
32214
39111
60292
60006
41750
43062
45965
15342
44366
35542
41329
45016
54003
3784
32235
36760
1704
8377
28902
14841
47024
54182
64060
48149
48175
29415
48044
52590
10991
20788
51136
53880
37747
9695
25930
38801
58674
30701
9974
28876
4641
54937
40350
44051
53504
39718
7809
12587
9682
9525
23378
39634
312
1379
13449
47841
50231
17139
33185
11657
9789
63672
48430
51781
50554
32594
878
49782
9110
26302
61084
7622
19549
5832
51469
46949
31712
21895
11855
28446
14521
39589
2195
1309
49163
18872
28681
814
19334
60587
43322
56850
17414
38336
10471
31509
16542
23403
58939
1291
8924
42293
30445
61106
48161
19828
44054
36023
62075
10459
23085
57448
35454
64902
18319
8170
56741
46308
39951
54082
22272
23179
36296
63617
47086
42140
17877
15800
4991
1937
53741
61476
7994
43822
7264
31853
31875
45818
28300
22026
52960
36746
56545
29184
38058
53848
18527
29287
60001
23063
19482
25955
26294
21863
1357
6479
45073
61522
59553
62782
33844
7530
43421
12651
33532
8271
15371
41643
19977
21262
26571
28835
5387
4208
45015
35877
37884
18192
6199
52311
47163
59493
64670
47330
16198
46256
53727
21971
45071
27895
30309
38276
50275
4122
42657
21652
61843
49518
28282
18381
37285
10416
50557
23694
40191
54572
31100
23517
15327
55927
36610
1119
64026
38734
47108
50728
12137
16252
752
27905
5162
55787
37375
46890
26915
45664
64776
61721
27988
17607
31353
56226
11600
30957
52641
53106
141
51479
49267
35715
61933
50271
31386
13557
55616
52108
41191
53601
61372
60923
15020
2224
31559
41142
14673
7618
15419
59188
53390
54584
7044
38871
21127
19297
29334
63841
44044
2066
30576
33670
64508
47107
38951
53379
35296
31925
34373
22146
40158
31370
13856
32271
47322
42577
20678
5391
44734
169
60672
59719
64369
30919
32597
54206
13359
37288
56415
6976
4539
45331
1942
7223
538
35202
57163
36458
33907
20636
58139
51378
60773
20797
39934
27237
44238
49675
43475
6176
65321
11619
54276
4516
47255
65226
49478
36417
37441
9568
20097
40022
5117
23625
22468
43895
15850
64118
13271
1231
18497
53303
5700
25510
22672
33462
42616
22917
23042
24718
12458
63501
61383
50268
47718
47256
49301
16950
70
62499
27716
6416
31806
31266
61309
49512
52609
6317
8775
32686
7778
22416
55862
57924
44833
55362
8111
15466
62860
64908
47749
15778
30017
42892
4058
50820
51882
12623
53822
43548
51028
42110
65503
24318
10372
7173
42070
18372
11794
46496
25655
921
18267
52916
50469
18353
25135
7755
58440
64713
46756
4935
15849
42204
44874
59217
47581
37142
29246
25199
753
47972
60879
2076
1795
30623
37970
19259
15141
37619
53691
39039
25183
63021
52005
41426
36599
45509
45209
15148
27583
31128
5506
12042
55151
4153
44145
57375
24967
5553
43770
18150
22701
24647
454
30374
14672
18605
27350
48846
33259
6932
58730
20970
32292
41479
16150
56798
25960
11313
55351
48411
32818
1615
45024
57487
3247
15499
57532
9850
10604
37918
60123
10312
47604
34668
26629
55904
36814
52754
21069
54131
23047
43167
9693
28117
59933
61549
57124
30880
61410
8498
25380
60692
31302
17829
61846
63721
58924
6860
54441
27328
7590
40200
12210
61535
51155
13900
55469
65395
39542
27963
56444
39933
46092
13928
30384
51023
51309
47762
38802
40812
10086
44319
32861
5629
40676
19845
65479
45148
12036
50120
46593
16197
23772
34867
31912
7378
48619
54994
17412
2302
59421
36115
36573
1865
53230
57452
10227
54834
42454
52573
57537
60075
19091
4966
39011
47450
808
20863
33172
19953
47135
50864
38315
21537
30466
51501
61353
40034
3803
60661
7478
57456
8496
61619
53508
45262
21177
7276
4653
21512
3225
7750
6260
28567
55625
34285
50229
44933
4018
30897
19445
56356
4272
39723
56946
21621
33163
1721
60561
31344
33585
16306
56948
59235
21609
22450
2066
63152
25192
50183
27065
6933
34947
30632
28257
52906
47849
24559
31238
55434
5226
49424
20097
42023
13565
64018
2425
65193
26322
32730
62505
29757
34028
23262
54410
64557
46645
36990
33471
32993
25049
38117
61712
38125
35192
56683
23651
7741
52523
33664
61533
50276
17526
17004
53731
52835
38966
46591
16022
34042
58405
35100
19978
2670
18420
64361
34420
60209
44000
15927
45985
54526
11108
22078
5875
13930
31031
17573
22037
6352
5141
64572
35394
45499
9393
60687
46253
22
42270
659
8453
28693
5676
17854
53559
46107
4715
21275
12235
57745
50420
10131
18441
58365
51915
2877
22863
61318
4909
5150
51017
50442
21738
60635
25586
55191
52959
59071
16610
21034
30411
11843
17935
7766
15068
24713
29485
19251
5497
57616
8686
40630
65000
54873
11380
7559
39876
39351
63578
41195
21275
43798
30450
15090
967
5081
43577
52945
47848
1393
53043
27543
47790
16800
37820
50924
27808
12851
17234
23360
27680
51618
28524
49308
36084
36092
8275
49176
42494
31157
3122
45574
56168
49917
42569
19892
31406
27654
44912
10300
39491
52383
39927
10268
59777
24462
34567
7905
22468
46241
58700
40443
4470
58728
19763
32468
14037
32179
8602
9771
62964
12136
31747
59682
35309
20070
9709
33438
63210
19787
3321
48352
53581
53806
39003
48844
33466
49685
11881
36895
39098
3695
48272
54872
63047
2022
11401
58252
15937
19702
53003
44870
20235
2385
12703
22148
39874
1958
13611
47354
61391
50650
48834
29000
25072
63770
24862
5828
11764
32289
21605
19646
28615
7242
22336
23529
51838
24977
6447
33705
62240
32144
45397
3410
5810
7708
21363
20331
6575
22277
9651
9543
61656
16180
35591
14610
63139
3409
56144
6596
12808
22126
29160
54234
54979
62464
62516
20895
52986
17072
53248
59231
56410
22696
43908
11716
50586
49631
58301
25132
56635
2753
7485
9528
10294
3513
30921
30112
5323
10045
12456
33034
25868
11632
47337
35915
49032
48356
27432
47724
49994
32718
57258
25498
52447
36319
20757
53493
22943
34994
38634
3207
34283
18862
23636
17185
50068
25135
12579
33071
29852
53604
49228
36240
39230
26699
44976
834
59230
36519
7444
43397
35303
49759
12559
60871
64976
47882
49116
54289
26172
4883
52120
42560
58420
59072
6951
49545
17159
10643
6655
54043
21306
41085
9796
25046
50461
44813
18101
50227
13487
31425
20260
62725
26254
44398
52475
44115
43730
64525
33678
415
32303
58744
33814
62266
15409
23195
8455
61206
58886
55666
39830
23035
40221
34727
6551
10459
25344
48154
6857
40294
55890
34760
4838
50217
4629
44570
63880
40835
2668
15964
45236
13600
55721
9683
21652
28586
8979
54294
50436
50870
36235
22534
2998
58012
45940
47845
20723
10615
22087
32949
10052
1921
15681
3727
28817
64624
57674
35309
23524
32072
41567
15980
14607
41373
3917
41420
35564
18642
28839
1325
58606
470
39345
56527
59762
5244
62258
7280
5908
48810
23073
50315
20418
59678
34224
41026
5509
56484
25794
8594
1282
23426
23988
60958
50941
51876
5491
16767
43020
56640
55403
10117
42240
54574
35637
65325
44287
55930
53615
37720
44108
62815
31739
51934
61721
30079
40238
62856
33021
2321
18249
8367
57751
54607
65260
64322
30489
46283
15392
63486
3893
62931
44857
33151
24059
15436
48847
18445
58244
14880
11788
13811
63622
63743
511
9690
12806
17011
8499
12862
11109
34823
48359
41091
45872
17538
56528
8658
34552
43341
12530
1910
57701
65495
52784
32455
28177
48278
60624
40962
5426
5908
18073
31367
62496
42518
39541
43429
54303
2006
33886
26743
34888
56987
53627
13267
2052
54438
13162
3487
53411
47055
50708
38783
53996
20459
62999
8381
32363
25364
24831
41319
8219
29680
16216
22862
13406
38854
61762
64663
64558
939
20665
46693
60131
10723
35636
12224
32224
8916
38815
3356
49483
27638
4684
50183
64004
59153
57103
43839
27991
6708
55311
38108
45503
13316
39461
43746
3134
53490
686
34637
32436
39592
14492
41113
24064
63997
43664
6224
46239
65327
43398
58153
54624
51546
34179
2509
63691
7251
38729
58581
7233
33069
59539
20518
39727
22848
43546
19822
40661
30179
44547
2229
45523
55928
19217
60819
40914
56234
44770
12134
57087
3756
49865
53261
16075
7649
44042
34851
29487
14741
1755
13027
32958
26093
21577
46752
35806
50562
37937
50063
45595
54615
35421
5481
50271
2256
9085
31417
17772
51128
18738
6581
50962
9106
55266
63572
38561
22650
53669
59763
52544
61713
28330
64420
44020
22390
47835
50098
38993
40025
17949
14912
28443
30131
59840
35706
13376
64646
41235
44909
22228
39440
53742
42210
43053
55402
58168
51407
49710
37885
1783
19335
45649
11642
47165
23698
41921
40567
22658
29340
3851
12701
20900
38541
43431
49824
23971
11338
52261
18125
55346
1118
52889
61949
57845
57305
29084
57520
33305
58770
11551
26021
58847
56891
48801
33768
42546
19441
27847
40245
44740
31393
39013
48043
3861
18187
49635
53575
57154
11507
42139
30481
47681
14400
37720
44197
46827
13371
9105
7244
22211
49329
26392
1451
48318
8147
64664
9059
53360
16034
40607
37622
35259
37078
2126
18643
50589
37842
63658
49413
25835
42944
26832
23372
34932
10838
4653
57355
44827
22935
61104
9298
40539
37955
58972
59456
33591
49686
62754
59812
22431
41639
12219
46271
10519
52087
44350
1012
3819
30033
52492
6387
2046
14291
39496
38520
57187
6179
11228
42120
39763
42359
56326
19125
51720
9135
23898
30638
30145
63215
36147
53794
32453
61787
52336
1795
26622
34004
45518
34778
14627
54272
8137
26217
39978
14523
8137
55774
16334
33429
13347
32409
11417
2249
22935
28749
30410
201
4141
727
3926
23590
26530
29591
57219
24228
33150
45748
34033
11167
61511
40397
46440
33827
15260
11039
39721
56552
49428
55307
130
56253
11278
55234
49187
62904
21933
32958
31262
30610
13358
21128
65518
16355
57642
52058
18517
24608
1152
29182
32976
36461
17416
38648
8104
24133
10705
59879
36870
41857
11577
34563
33786
13576
48109
65343
25113
2038
12866
6786
55241
5065
65383
2590
22428
24822
26366
53551
7711
3597
1072
34354
64921
10324
52425
60136
30989
63844
24802
15576
8921
58898
62709
20846
13125
39797
19286
36952
50561
52521
3409
23177
32651
42124
9964
30466
49932
36837
46805
35866
12494
53605
63388
31619
30968
5958
36555
28079
45090
20638
18947
45633
37505
3065
4419
24797
61181
28096
399
23335
3076
27628
2578
47649
4201
60745
10387
28982
44731
47851
19909
29096
487
33377
21004
49724
42638
59650
55408
56944
17722
37150
28520
14034
48996
62172
6538
55617
34259
2401
23219
15349
32603
57414
24487
28882
42142
45971
43100
31449
56439
24843
20841
30625
42212
47960
21107
7925
63648
42151
404
9335
8123
48152
7184
31541
37473
56898
37933
20754
2995
10854
10248
47980
27381
11631
30348
36444
62605
41957
19857
2203
64258
8113
13055
38596
56965
10878
54793
10941
33660
33398
17884
36573
62574
15660
50068
62015
52176
37375
11989
18302
49574
48050
25983
43668
5674
48537
54037
21096
52132
19061
59636
45839
59758
30396
58923
27815
29470
29401
11400
14257
62047
64089
45004
11549
59090
49365
44866
24856
9718
23668
29033
52863
11177
1600
24430
53612
24453
45624
15480
1946
37238
5798
35390
8495
15018
2951
25015
55122
5209
27086
63201
3244
63913
1709
20291
26876
42029
19973
48833
49318
4315
43586
4241
47826
57879
37927
48915
15605
8911
56660
3095
54865
8006
46324
44930
46222
6006
22439
15144
59963
3579
25399
55111
52513
62790
4989
37505
38877
61702
1925
13767
13200
56183
41709
41112
37007
55293
58140
5203
29667
25941
53557
49004
33323
267
5963
20734
27183
55489
47092
12246
11793
62793
53639
49829
9637
3483
21873
35146
32825
24435
6473
5586
12812
18687
1812
21660
60451
18574
33697
61600
28933
10316
11756
60625
21089
4871
50040
45792
51101
52856
58816
28914
23175
29013
43013
10753
46388
46516
62162
33479
4529
4680
51350
44664
37230
63422
11783
57518
37590
22303
59080
41807
17545
41062
50005
19648
62992
60997
51612
57941
33756
40670
17287
60420
51859
51238
60257
61234
35453
53301
38801
30519
58182
20372
5325
16160
61488
45084
46043
47775
19613
62477
19890
34019
36197
8992
13016
9907
16438
49949
22429
47044
26773
44126
38880
14956
42078
18301
31677
55942
52714
1876
46307
57591
16365
33847
27964
40431
64781
12096
46337
39622
26792
37085
56562
54271
17579
21267
12529
47900
28556
1650
16658
6586
10598
34800
17480
33852
46396
43793
8899
19508
2064
27065
38203
569
64072
59120
58545
64145
34602
34807
41943
48747
40622
24285
41805
17938
58694
5065
4860
60737
7696
20175
6800
31870
22128
60351
39376
22491
4780
25842
65097
49563
58979
13401
55720
30431
24501
5313
8508
30214
44566
54570
35201
13885
62417
58819
45726
25437
42819
22414
55226
18881
16652
4388
23480
45255
39844
26702
34814
63167
53082
25174
45698
14084
34242
44103
13822
52990
49758
61706
6501
50332
43970
2430
16643
16600
54296
49557
53041
60607
17640
1102
8206
5400
29273
57147
56101
40628
27339
22699
30399
5425
55190
63884
6657
51746
51628
33141
56743
18651
52874
2221
40025
48951
26785
17215
3715
23716
50976
49349
32417
42685
326
8734
718
47306
8493
7554
23099
29873
51341
22947
31043
54508
5241
9468
9831
19016
26823
3312
196
50328
6493
18304
54201
21265
45318
13161
53342
492
15067
9912
6435
59844
38515
35953
33935
34731
42812
2705
50685
46146
36078
33946
20018
23557
32853
31127
20593
20520
7529
63964
7956
27159
43185
17053
63057
2847
17221
36366
63537
12693
19293
30069
3655
24475
26423
60303
20948
25627
51767
8263
11887
37870
11954
18229
968
52201
27597
2216
59468
44595
54710
22692
4009
11012
40701
8122
32306
12051
44371
22718
16910
47531
55688
44619
63144
23069
48738
51726
38510
55078
21768
6748
9465
63155
46882
56109
12181
33611
56430
37257
60084
39848
23964
56381
98
41869
15784
63260
40795
54008
21523
21995
25259
182
44808
61311
55266
33692
13888
51208
49053
10345
42694
54158
51122
17131
62917
9837
52677
33739
49365
41056
49205
41559
18261
18454
50352
13082
5103
14380
29615
34599
13871
26878
46580
28079
13801
26661
61842
1704
33257
5711
9831
24018
10866
14001
49746
53349
58265
36595
7587
21170
20750
7411
10643
5345
57483
33365
48134
63042
43280
40503
23810
23146
3982
48594
58333
34318
43250
23566
53947
44904
785
60535
50430
49460
32035
48926
4035
59357
44172
56150
16050
10922
6106
28779
12820
52613
8331
43292
14397
55119
51590
18169
10474
10965
44657
11676
30120
6251
8291
57380
9050
31030
34627
27069
7646
59922
39023
51608
58219
50134
53872
34047
42413
18717
14729
61815
34977
10603
50380
63433
32653
14832
52876
34806
26458
64648
41914
50097
23739
44362
37460
63741
61365
40210
20068
39856
60882
14399
18181
15883
28166
28000
24315
56382
44188
59068
39723
25970
47555
62758
56481
7450
12664
20696
12048
53193
20893
46578
26492
11665
13548
6499
15969
26359
64991
7367
27127
32829
56425
47910
60568
14059
9478
17506
37102
44853
3236
32931
62488
10098
50108
43753
56194
29095
14266
14241
19678
40209
2749
39531
10465
61561
56287
24017
27608
57751
16291
1311
22486
18881
15090
35021
35394
39380
21741
44349
51142
21024
23096
16008
28408
6033
15271
59040
27540
57113
39936
39
6458
48064
60695
20589
20976
4861
16405
16912
18105
15831
36118
25654
12995
45178
50941
55217
64664
42383
34912
37777
49480
8292
7126
39923
39364
21042
27114
11612
35266
55796
26539
43329
8791
36288
58035
11230
38982
22771
54552
25534
62650
48034
22040
23662
59108
50235
52714
29901
61763
11414
22365
18626
53777
7792
56746
4611
4535
3449
40981
35704
45354
32447
58680
2735
649
31332
24837
48569
675
41154
24947
29416
1297
43462
48907
41299
37811
1056
56840
9265
46026
21465
30140
13736
48744
23042
27785
51515
32033
10776
14098
6820
3138
56576
29566
63214
52172
34919
50506
14847
11643
35564
47763
54913
60422
55736
4252
34046
27680
56533
63036
47067
19321
3877
59778
5173
46464
11330
13740
52154
60565
26384
62527
8282
6303
3049
62719
60905
9945
37185
62399
53729
18682
45257
5632
27536
22823
47672
59320
47293
46662
64432
42860
24125
44746
37120
20509
17063
82
3855
50057
43601
29343
20234
12908
63289
40169
11897
11873
36520
60364
27094
34563
5348
42543
36321
27622
33044
31755
55506
5209
63122
49460
1456
29657
55815
15500
47542
35793
30196
2816
20400
52846
26688
58508
28886
10650
20562
20115
48893
7966
32944
22919
58020
52031
21525
52604
19500
33894
413
60210
58302
35567
32
54544
55780
19322
25016
11555
63863
16047
59518
32967
14166
65144
50089
55997
63749
5390
56870
54347
53995
31481
42840
47778
6828
10123
43664
38003
52298
21179
37534
33506
33333
10164
12364
24494
51510
19260
28529
35333
33239
33473
61674
22531
18064
45769
58516
33799
36229
52231
12703
25788
4348
11996
33970
346
18391
40959
52993
4552
60994
65244
27371
35029
34110
57880
55514
40067
37146
1289
45007
3162
31034
36298
61666
54895
52414
40588
47751
12548
5748
46490
50093
20178
61095
29164
30241
43595
20173
9417
11073
21914
41388
26971
35807
39466
33476
48063
50402
40228
54556
57889
11626
12131
12118
18640
28236
31091
5151
2727
30457
36008
40541
40844
26665
5848
56998
48267
13
62546
33907
53837
2397
17726
31896
33138
41278
11030
53458
50033
64151
42827
26448
22479
2728
15990
53590
40403
17036
2747
36241
60400
41261
19396
52226
24347
6400
57679
19882
65393
46435
15721
22255
38412
12746
24802
13361
38678
20784
18106
4114
8194
61936
40435
1463
19676
42447
29649
21614
45780
50377
9290
6964
33901
18455
36437
8788
23769
53891
57490
53133
60988
61638
39895
61291
6321
6187
15524
19206
6343
18163
5762
54310
57335
41534
19073
1222
26445
40149
11283
42212
43916
46686
3327
48774
35382
40793
14363
7542
53886
1539
16984
15297
40759
32441
19557
8161
32001
62915
45313
58994
33378
39559
17679
28098
35217
15273
61369
43021
11591
10614
10771
53659
56056
6693
34690
36101
30856
55994
47434
28971
30203
22692
8543
30282
44046
5970
10180
51320
36140
33472
15614
26901
33299
21074
12922
63534
22580
22216
35925
58484
14844
32004
47214
35026
17622
59950
19738
4146
54440
13902
23012
8709
6672
45284
5633
47525
46183
3660
9662
32296
6482
60913
46476
16207
32877
39395
17531
3756
23778
38823
302
2273
30494
31142
46272
28696
56522
37601
7698
52192
10019
33759
25176
40405
52402
2149
12097
29721
19353
52311
45079
63554
30302
47626
7463
4892
44403
7072
46297
50358
52005
45569
3601
39086
28592
43155
4176
31317
7456
45905
53963
52520
49764
32641
8991
27596
21050
31857
1867
27263
27859
13529
8550
15907
33955
43148
50770
29634
27956
36358
56345
16347
26286
21675
19053
24513
10260
57457
26638
8462
46539
21875
39287
34464
39953
19109
51250
39847
9126
30940
55018
58363
51423
63964
40746
50321
51340
43918
43930
18817
56115
17327
45757
51610
23608
37542
34978
59763
18496
32232
12176
48077
55830
39358
17007
41893
25681
44733
43856
16047
33655
8730
27485
25130
22550
50073
15750
18363
24687
47864
9527
22554
18233
39598
16466
29410
533
13446
29890
38438
55799
10404
14629
17088
61680
56493
14771
12913
46049
17415
22013
62820
53793
17276
44163
36654
22325
36522
26677
40687
5523
190
52297
6943
39969
60944
46895
10987
16874
39543
46983
15915
6508
3636
38428
48274
23434
30320
60100
18093
47319
61009
51096
3689
8548
16895
57081
31118
38220
28034
6941
42391
4095
13401
56486
55722
32283
55424
36130
24058
27370
24753
14855
13655
34145
58075
21561
33050
30906
12085
56932
18448
45459
23751
10803
2766
29498
3220
56255
11045
7442
44901
51402
38827
41385
8824
36256
44111
15041
32458
41194
38592
18989
64730
5440
45932
17071
1078
34510
29152
52415
25202
51196
9478
21193
40994
23152
36428
19646
61709
21909
51354
51762
26040
16295
35538
7320
53862
60457
51890
10522
32643
40813
23220
63202
18803
48484
45306
45265
43950
24754
27965
61981
3189
61746
25713
20976
64161
9531
23865
63347
58343
43535
30805
48491
31651
14141
7065
28958
39387
48468
9394
45204
30373
34202
27860
65507
29103
53599
31990
47294
33
34852
9436
61689
49121
754
26281
36258
46295
52842
22423
40140
16114
42862
53710
64205
33738
28870
37602
58690
10673
13041
62
61342
18601
59796
19224
51388
28104
38199
30176
30410
59197
5762
52352
15032
40006
25831
44545
34526
34066
6954
60953
31456
45429
11715
34998
3989
2141
38579
32919
61237
21904
5827
64271
56826
37793
56170
25062
61452
25169
56084
53912
14039
62511
37928
33714
55154
48526
26363
36616
5232
24690
64485
16242
30778
55446
6123
57586
65042
38592
55989
24364
62935
16544
58283
49687
46873
39127
924
32963
49059
39899
2224
26037
65008
57474
51702
30356
5803
21780
11492
52584
12413
35324
49662
18002
50515
39590
51068
24398
41621
41381
6244
61626
1277
7605
26728
12567
27702
33997
58138
4086
63863
13633
54105
48928
37965
34408
15263
28768
58717
63812
48212
57458
12501
35518
28839
40098
37370
58319
28492
2237
46204
60648
18151
32289
59589
43949
13000
2687
40396
58517
18467
40249
14557
18071
3234
63858
61685
12122
22737
45762
5660
39877
21031
45371
58792
20373
27672
14187
26642
40339
22173
4049
64628
59649
4496
42852
23222
5841
34588
27751
34131
50455
42582
7872
29164
27706
35369
14976
50162
30598
41196
7440
40808
40887
25072
3394
1178
47373
15806
39212
22290
1414
41734
42798
60074
33189
6572
4033
56310
18670
13367
5383
8439
21631
62568
39913
4764
21383
23660
61123
34330
47215
46638
51407
20924
9186
27100
4370
52575
55595
26445
35977
11667
44080
51158
27347
60768
36687
20634
58054
62901
33910
8504
2351
34886
55688
18069
1989
11634
47835
17047
60316
9096
56995
24487
62852
63413
55072
48075
51529
39422
42707
37808
15603
36979
10531
21892
59224
33307
29966
8088
53516
43810
62982
51630
37251
24054
28145
34207
15196
43696
15160
28994
54697
561
30769
3623
48884
46668
1059
12060
61499
439
40332
36244
9705
63379
5372
13249
54164
25515
4024
1730
19020
26421
26392
4407
18976
44419
45050
31183
11535
23775
27327
23544
44117
12337
28114
41796
722
11589
8754
5760
49732
51096
7946
54283
26487
61457
11568
21952
24547
22520
63396
3026
38009
49682
62072
60544
36081
52301
4680
20233
2353
31707
8730
25634
6410
31895
50227
14220
29295
4532
56895
14745
4597
34568
17749
25024
10534
2514
49304
28992
52423
59810
25670
52926
56009
1965
62357
31850
48995
16737
29179
18757
729
1166
39963
55692
15476
29694
52156
26093
23409
28497
53278
7284
5943
43723
12587
36652
20182
24377
16581
24267
33808
61367
11972
55020
62938
5940
29813
54563
12171
28534
21233
61232
31516
37656
46425
38423
63306
61249
28009
9886
62229
17054
9398
48179
60699
24208
60850
38283
5830
47966
54027
14426
46008
16158
59424
58390
43734
4536
53070
54100
31463
64011
45466
44256
57722
54108
31371
29678
48226
843
53626
58041
42252
61501
62966
45938
18681
61999
12304
2089
54059
27203
1664
20487
5501
24049
11434
55424
1195
36318
39803
55808
1226
65294
15335
55266
63047
30112
64458
25593
40937
45681
51872
7487
14622
886
21448
7029
17787
13791
58507
8240
52831
3599
34986
32772
16249
51919
11065
21460
8746
1807
63946
34995
56933
64773
41419
18212
10733
11704
45762
37976
51737
33451
22995
52137
33902
32732
31201
18746
7762
43565
14134
21048
30765
65249
49339
59461
20373
60967
4513
60581
37127
36426
57067
58658
30276
4234
29679
31325
4494
38739
65414
34919
54485
49969
35491
64206
13332
41468
27370
53895
58067
21911
53951
16683
33194
29223
37808
48372
1615
52776
28791
50356
50763
40757
32731
12723
28830
52644
39700
64014
31984
7640
57403
38069
12694
37570
44326
52154
27018
34794
53202
46366
36461
54921
30981
25848
62970
19762
47234
37137
8731
10371
55769
2669
35177
1968
19994
10149
55186
28313
46136
4579
61091
26092
4738
41320
58341
6535
34820
353
9858
12217
14453
14013
53649
53464
19652
27862
35750
60834
29158
56191
10924
39847
42764
45333
39436
14407
58370
36029
29914
19744
36005
55311
63789
15513
292
28394
27695
45137
19709
8957
45225
55259
16772
29171
11741
12081
19472
52343
53996
22264
22464
39519
64463
45543
58737
44596
3300
58781
61062
25733
34784
17034
6664
40513
5
18940
59325
29633
41639
52216
19460
52122
12958
19486
23242
11512
25945
53966
4009
44875
9931
63877
26146
28907
31677
23427
42761
2756
21044
34932
45651
46495
39780
660
19142
16456
18306
50495
62446
60454
33113
46187
36925
55602
42231
36142
33730
25602
30105
17090
61446
56996
42518
6831
25881
62678
58944
12255
61046
19749
26372
26181
58198
31689
348
17626
27871
52605
35680
61766
29752
17464
19563
14400
3043
62862
6286
9803
42369
27884
45338
55008
57815
10518
30084
22096
19839
27935
18124
11196
60978
59881
38112
46669
47982
60926
780
4087
45352
65414
585
40303
42193
21237
26776
136
30048
10800
16460
21885
40566
34448
31876
27740
44176
57181
35906
943
23194
52633
50214
57063
25378
29254
30
13070
61768
35210
967
36173
32555
40835
3241
48304
37958
16321
47030
21931
26394
37192
49200
55560
54602
14681
43036
64105
51715
21310
13791
54577
51327
23473
57514
30885
21940
51910
54445
26200
46562
48531
16995
40584
42105
48869
60652
51473
19293
61148
2187
60341
34534
36072
33161
34089
30622
25055
44064
5834
17282
15744
46096
19715
42471
39979
37027
31205
51784
31616
13461
49605
8134
2787
22506
61306
63951
57459
28743
29432
45468
44930
46552
11170
45653
42147
31739
55401
8995
23000
5825
30516
43775
3737
59240
11231
26555
52906
16415
52902
11318
7005
33303
61509
39265
22941
35258
46598
62301
47031
65277
56991
28002
26851
11276
56779
1260
15825
30575
21633
36406
44112
65080
21822
288
61871
60772
39968
48489
29617
3146
26062
25152
33556
20407
35947
34181
268
50604
55731
19673
24113
33668
64391
15682
22080
45260
28412
1861
51278
17435
23813
40042
43743
24342
52061
37755
9799
7813
18049
28653
27725
56007
37859
25082
3567
56130
41729
52026
37869
27468
64126
13588
17350
10748
63290
57250
55722
31655
46656
61261
1356
18204
42775
6358
39261
25095
25386
35320
47136
2559
54628
24787
26133
2337
28320
64268
10516
34720
49319
56492
25154
36642
12936
41114
2735
2116
11545
26883
31489
14719
23019
60834
32895
52920
57990
4077
43319
9034
58480
17537
38268
12422
22567
34646
24798
49392
1413
58796
54685
34478
44612
48149
53234
52824
17589
63485
23001
26978
51205
63232
31223
34338
57452
39042
13534
62468
29117
57253
40448
17399
16008
61417
31495
16077
45598
38483
58443
48750
59404
46366
33188
56614
13079
51725
22305
59245
31588
3411
23826
62140
55097
40988
53472
58380
7401
7093
4372
19805
48844
64402
35173
59944
14638
5557
42803
48513
7300
45519
15894
45091
36241
56749
55287
58803
8210
41570
35793
33852
42226
50201
36996
30939
8772
18009
39990
22186
19523
22863
1406
40873
18332
30137
65333
51200
11492
51400
63481
55464
15377
40313
12717
64099
18390
57467
60895
8201
49995
15818
45382
11346
21633
513
42440
13895
3172
5717
46942
49869
62109
29310
26264
44439
21890
25982
55500
35580
20997
24431
39006
28108
3095
55666
1207
5542
56869
40720
65300
52596
18241
41701
37851
47582
59611
55946
28997
3701
13051
6094
30292
15264
38287
39699
16573
21198
33024
55986
42139
64902
44161
35106
52752
18560
27524
54317
40626
64411
55975
18344
31567
14644
10695
61024
46558
49328
40991
32329
3418
41377
424
54885
21578
64248
36922
31475
36187
34073
21725
40587
63812
15901
731
36522
63563
24201
38994
30373
27454
55587
57550
14000
63288
16489
18295
33872
24159
23389
25967
3148
27258
36244
12141
46256
21590
36763
13401
22019
32755
19292
7111
47648
55432
2314
62879
24774
39547
18801
52429
60641
29466
21395
1495
999
50695
16115
57714
21303
27579
57409
3133
38299
45221
58188
60598
57047
45706
51342
38760
59980
58944
14561
25635
24948
47364
64708
28706
34056
1344
47529
50586
14404
39331
24783
59472
10271
39022
35581
43340
64728
9964
57361
47186
16971
26182
41208
47018
11837
20032
24790
46283
44818
3
19053
23242
13495
31899
57110
28305
8472
49625
57193
15033
61645
31027
11027
31188
30773
32386
48656
51274
13668
24382
64662
48339
62954
12191
3191
31822
41074
57369
51577
28908
20312
52286
20118
3500
10824
31517
21062
3620
30587
20311
62277
31253
41435
28187
55930
18470
26078
61759
40313
39856
27304
25559
60359
4925
10325
63683
2656
16651
58060
5672
11328
14313
52454
54636
25720
45047
18167
10005
25369
45936
12515
7199
53814
5789
50006
3388
28779
46546
46708
47924
39781
47712
12141
15540
27186
6845
4960
9080
14881
29446
14938
37554
9835
55827
56704
21229
24550
39760
54783
45041
15631
52255
23484
16410
34145
56228
43346
37325
24410
45192
58765
24499
6672
46927
54769
3357
2081
15920
56637
10039
10693
24655
36908
27047
61118
50308
31764
50344
14922
62147
10358
27741
1807
63833
39038
41652
5593
60503
7004
53343
21519
16585
62064
60227
48419
35291
45199
49528
30501
21183
38826
50265
62879
56934
15150
25859
19635
6301
64420
5151
37232
35979
10648
19394
24396
41361
29679
34338
23139
17851
37203
35412
46963
9804
57131
22682
34353
46364
32035
15977
65351
60387
20439
16855
48060
843
18026
63452
20600
2824
16628
32693
31533
27239
50681
12475
61253
28716
34030
25436
22417
39167
49282
54557
6901
60156
2691
42550
58667
43304
50943
24846
5631
12583
8331
37058
24764
62807
25877
64976
13822
55050
38062
54417
50295
8364
40665
32229
59905
42422
1476
38815
2963
65346
8392
16087
43649
49407
24015
23656
54256
62413
55034
63638
36833
46667
16487
55822
4397
42664
7852
20271
15353
60754
62129
444
30376
15712
34827
17324
28800
6132
45289
20874
22830
31174
29348
6168
28648
36793
31195
48597
10623
31250
29277
54914
49142
28102
1078
64146
59416
54349
54099
48313
26135
7602
10252
49067
16759
1284
26520
19062
47243
26644
5090
25012
2939
56304
16385
11183
35676
30025
44780
17950
29761
33996
7317
36945
27705
44697
62363
39465
42982
43637
11712
44808
415
35181
38433
63768
25864
8183
42787
9398
14597
7207
55439
21065
53488
32194
3184
41068
54858
24711
28639
54608
48069
51387
45800
26918
57400
16988
52716
5355
60051
41228
21313
26919
10677
48263
1219
14544
31894
305
52698
30894
3725
61284
27266
40364
47064
1523
42155
3293
41836
18701
42177
14554
36698
8480
54660
8833
27820
46897
44948
54710
57434
3108
41046
10052
35663
39013
21573
9545
64058
51971
26216
56523
53274
38235
46270
23218
3276
15040
11954
13644
41465
4113
53624
56432
34195
40968
40873
18090
24512
55784
52323
46479
61313
17275
60435
6995
61609
44634
20549
4258
3857
45567
6989
31481
7066
47205
40867
50902
23010
9871
35782
43098
24697
53009
7288
6293
31803
15029
60333
62665
65090
60045
40393
14089
55511
54102
64817
29155
38382
27702
40
23003
53320
23909
14470
3882
42606
51906
15510
44569
6400
24208
63246
4125
26163
53477
9604
38532
63632
4134
15723
53007
12930
1494
43542
54337
14819
30880
30678
9003
458
5187
17329
13866
41960
3077
12249
28405
49722
14475
19778
53269
55627
3551
48293
49961
61040
17123
25982
25178
14096
3052
46964
21586
60705
23328
11559
26455
45894
59353
45783
2568
42099
12020
48944
7722
28246
2322
36534
33789
5817
28821
59912
64615
8475
37540
32203
48353
39335
59875
953
1237
19735
53233
3701
14787
55600
44973
50043
32854
51289
32696
51152
27672
51756
19499
14074
32214
36849
50631
20864
17082
25374
31581
15979
2893
363
10985
49216
61480
38343
759
50356
18566
1538
31992
44022
26860
33087
63336
3488
35713
28165
46774
12538
36577
36178
11742
23077
59082
39256
36269
39512
14303
14160
33013
63584
48798
50677
5090
57571
9208
38232
2495
24061
42398
23464
4209
64195
63491
20768
47749
45338
58095
64002
58544
7572
34760
32709
35439
12086
44342
27021
21576
28133
63017
51584
10603
48998
2579
1292
58558
50168
2987
42074
51477
50816
15363
33809
39944
2325
20845
25165
22046
25834
56714
20678
40193
56456
48056
61093
56761
24532
36093
24567
27307
45604
35272
56764
46858
11944
47221
53778
25472
2570
43490
63475
20033
16906
45629
32655
44686
14868
3283
3405
50400
6352
5925
35442
64409
48561
31329
6890
7436
9506
62229
45098
20441
56737
46998
40363
34954
55724
60540
5984
15566
36011
58763
25341
34877
4114
43139
29788
27341
62310
60943
55600
13360
18966
32184
31112
64983
35925
52176
37669
3545
15802
4127
578
56366
8054
4985
31291
26449
37263
60362
28442
14405
54589
28184
2124
20327
7969
49170
11016
12761
45951
5694
21729
40429
24386
39139
7923
63361
65084
25412
48936
41954
38112
49070
34492
52165
44727
46673
49116
15566
40245
15801
59546
12388
3691
43669
52942
29192
2793
20957
10358
64618
26760
25157
52463
10923
25319
22589
43973
22070
38524
57128
33489
7429
15111
57220
9676
33070
9390
16346
8680
43556
57831
49126
25452
57914
36239
60217
44676
4289
470
35356
58534
4543
10351
7811
17399
14691
46785
30403
43326
53470
26837
39631
16955
53275
25132
23909
49960
12848
1663
5086
26134
20051
51573
61857
54443
29195
54820
40527
32448
5206
47093
62052
23938
10942
11525
18872
63649
24595
14395
49996
65462
20438
40019
49416
44630
51161
11015
27069
43002
23025
33640
54003
2031
63011
51100
38612
58706
9699
29588
12935
54479
43549
40393
41264
8177
5434
39146
27348
43527
30915
32713
9348
58301
55700
50094
8427
45424
57218
9870
19842
10517
19454
42646
33070
44102
59583
41433
59458
39520
53994
48136
62904
50177
22257
2496
11332
12897
39476
37108
10666
64569
19858
19282
8067
26425
1263
30904
39364
14954
45332
26058
20952
28642
5136
18914
12374
31763
1021
25244
9300
7849
65275
23165
29123
56420
63342
39367
3369
40993
65472
58489
38776
1268
14654
49343
62679
8030
61257
30960
2665
65407
17630
64809
24905
13628
3889
60227
52770
57249
64856
64540
28173
49414
11267
5006
61005
56923
64178
6794
24814
24337
65406
34428
28072
55883
44396
20882
26593
1576
15842
60079
58117
46478
13490
48162
41887
55666
8085
37491
27062
55635
11236
42908
11152
36149
18482
60629
23869
31912
39533
12174
42362
41774
59705
63532
57658
32348
62163
51702
31141
30992
43521
56931
63505
27258
4215
6532
18185
18719
48875
33142
5258
37027
64303
37111
30805
20015
40986
48713
23775
57129
48627
58025
35642
13267
411
63931
42048
6692
47593
10361
16679
4203
27202
49955
29255
16725
53752
17928
21521
56014
18544
53905
33362
31923
30027
50041
764
3613
44179
6927
4827
32687
60790
46157
63718
34989
17914
17913
65423
23973
8386
18768
48978
56666
37730
15268
47145
52883
25784
2875
28096
30214
43174
26535
46012
10796
51676
49267
35531
51690
57840
3463
13750
23054
60923
49514
19014
55644
29106
1207
8707
38499
30263
21389
602
63928
62169
23051
43527
26179
61931
17098
29073
2860
33078
48635
25936
38648
43499
15488
8481
5133
60892
24026
12204
23025
3344
41868
59980
63382
60205
9438
5261
16884
42022
989
15470
63720
40820
14114
47818
61819
2008
33489
9994
3346
10180
23393
24482
10366
1281
41608
21361
51223
42172
32089
35481
29366
51149
13918
31687
380
32844
43987
27307
46417
38756
57566
26528
25212
57693
26859
14987
36940
7812
33496
55072
49382
33445
17151
34178
21903
16749
29980
16215
1372
30706
56575
45211
22190
27762
27228
26344
46663
12271
120
18147
64550
30941
44153
62175
58899
46701
57742
64354
15050
15083
43564
31317
35748
59095
26960
40655
54554
56374
8249
9671
18400
56091
38624
32030
60390
1979
40909
37934
37263
64488
38648
12243
29095
18094
62231
49845
16306
22952
52762
18165
42347
51616
29288
12388
35737
43151
35976
23201
46235
23179
32099
10668
64089
15618
59300
7048
41522
14353
31273
53309
7617
2898
15525
6537
35163
60771
49282
55422
626
8133
18601
28023
18307
34409
34217
23079
59823
43254
57837
59244
13174
9709
65475
47217
45727
43398
55288
41234
23135
47921
17490
63918
55242
19142
12046
25113
62504
13655
62661
33008
15642
34343
6395
40778
25715
54553
43653
14788
40918
55062
10674
63151
12332
14338
7913
57083
62934
245
57770
8667
47929
20956
60887
34024
18718
28025
23795
30689
64125
30161
10249
36658
18075
3094
35546
7853
37800
43890
65177
50785
23585
7383
35163
27000
58871
254
10523
50134
58338
57986
38045
64331
52131
1989
44217
57429
15873
52842
22452
35676
28677
37208
60352
55764
44094
19424
29754
13481
21674
35783
62290
25516
52717
22314
46745
14357
38785
56325
3173
17477
11827
43095
7030
32823
52852
22320
44805
42211
62451
43928
49720
10599
51237
47447
18226
19533
1722
47861
62914
29393
10784
10061
19104
63822
17304
22482
19040
6222
12518
22782
16836
48919
49304
64644
32943
3878
40023
54011
44015
38363
3096
612
65084
24859
25114
47175
28009
43207
57594
3825
34530
38732
12004
41322
27757
2948
40802
2009
18000
21740
33118
28289
62472
4008
31043
50770
61116
19194
33282
64391
41598
12411
28634
36421
3752
20720
21006
16321
47838
37514
23523
11193
40994
20839
62387
18047
25439
38458
65315
10857
25974
19736
787
26268
17921
39306
59384
39455
5238
26882
9384
9387
58671
52137
34941
32441
21789
735
33086
50860
1839
13178
47445
12022
47714
48816
55486
31024
25043
6357
20655
42752
43967
53571
18911
63315
14388
35541
59158
9753
20907
57189
9574
24551
55807
12645
61157
52157
47155
21294
7326
53869
10812
60994
478
38849
45015
2427
84
4385
41370
44893
51444
19098
60152
5157
43969
17338
31236
20996
11289
50345
61048
51394
34135
15510
12051
10260
22884
21475
1349
2120
14859
16624
26562
43673
21534
45592
32044
34990
3841
8415
11723
31138
45522
1329
62458
63261
26920
58129
52091
16684
21879
42299
1646
15632
3088
32259
8352
30410
1708
5700
23418
19878
25984
20735
45359
14226
31600
39381
40561
54022
63049
1884
46755
48014
12362
23198
21976
1443
9533
54777
36162
38641
53724
36195
38118
19098
24508
18562
31501
45610
12137
11685
52363
33817
49675
6014
29996
21642
19612
48600
31645
15683
2863
55916
9722
54758
47610
3818
49715
24732
22208
64906
47679
52228
54950
32577
13440
23034
23213
48289
14908
21051
54075
35924
39659
30201
25166
40237
9498
27483
17023
17623
45018
50114
14885
63683
8341
14347
1005
17341
56682
43386
15920
24262
14013
21196
933
23837
52887
58864
49789
52873
22342
59967
2760
61017
55946
26148
28169
12411
34133
13540
1580
50783
55816
6619
37471
55156
49548
35781
62884
47264
53474
26587
34316
48349
36281
45486
19911
57891
11167
62107
26054
22558
48384
35520
32082
49048
23874
49610
64862
28812
43285
22173
65425
55458
46309
24555
61888
20598
39605
7457
583
6299
29592
46032
21111
39306
59137
45929
24783
22336
55664
6875
14402
5424
40127
31001
31750
42763
64196
40128
17010
25270
47838
30993
27638
34532
7761
62189
65233
8297
30325
11317
22532
41189
18145
32260
29157
43441
26237
17755
34573
43499
14044
51430
44009
39302
56390
46309
26032
13593
37999
18834
46992
123
36771
15892
48260
50483
25821
4051
63277
60853
18586
40703
44535
58109
8397
5539
8120
35815
7259
11236
9822
3340
45776
12426
22483
3
52150
24096
44717
43873
11429
40185
56061
60804
21014
50434
55097
13006
4161
12352
53651
54168
29879
14973
3481
20852
14511
64819
57547
64976
13823
35213
14037
1201
4365
62656
45290
33428
28379
36002
39175
24340
19114
35977
46415
35390
44090
17396
28938
62994
29761
64389
47397
24032
21711
163
58295
54569
12523
46058
31804
29662
8385
65420
36185
65478
27031
24534
33946
20470
20317
37184
18026
62163
21341
5552
25904
27602
55456
46926
41008
30024
33997
25507
31826
5747
31433
18041
24920
4565
17276
38410
39317
14140
24822
56161
3647
25219
11624
8534
42973
24057
8946
18172
24398
5133
29905
28460
25709
21361
18750
9581
46340
52859
49577
63114
46922
42720
60419
33743
52519
4042
44720
28558
4285
29668
8156
52369
32140
6300
45915
21413
38253
26928
29708
63402
36015
24314
7723
15661
64331
49092
43840
46738
57296
39080
31007
6766
50523
39739
33577
43981
53011
46081
62693
45470
15208
50503
61227
13943
55645
13108
46672
1748
25090
3473
52851
10252
52220
57951
39538
29907
64058
17857
40195
58884
23351
4550
61483
56502
1973
5009
40209
33766
10796
18266
37123
1593
36619
56229
27259
53080
27076
29525
34080
42305
35374
4949
15344
45802
59166
11977
12337
63752
51707
16790
806
50162
65075
35655
3019
19895
54859
44141
55803
44176
20826
4758
20366
36365
41226
23964
55094
26700
62083
49698
64611
42232
17409
14248
42027
17931
6836
46421
41157
5544
55845
28133
34865
28174
31213
59694
9525
21230
14714
34712
45500
63964
15003
15966
11540
7407
44828
2796
42978
42999
32907
24515
40169
15714
1286
25838
63310
54
59780
43523
27587
35286
61516
54717
47282
31168
22796
52293
33993
24927
15636
2572
42141
29315
10833
21656
25306
4076
29286
17299
2014
6553
4739
63321
13346
19006
54311
36440
26523
43596
8033
8726
30828
9006
10823
12037
1061
10820
28489
20332
57696
47340
55725
16555
47005
24440
63183
24807
4350
41632
59197
8939
2877
29408
64838
55995
59828
60370
26730
11013
27386
25680
62796
11673
44150
46021
65251
45086
12116
53146
56036
65341
55763
64777
45896
33739
44516
37239
16915
36425
32583
15823
558
13932
632
8702
53952
63278
17385
4286
51410
42128
10768
41167
41424
39287
6230
54913
30463
1302
33031
41220
53935
10760
2041
165
61776
32949
38405
57905
16008
29831
59775
26501
63375
36055
10144
38510
54518
8331
39593
37300
59996
32929
30141
1715
57772
13702
6061
62549
18245
39035
29719
52692
26750
54432
38252
6380
14462
1916
24814
57904
4289
920
30402
61396
35049
10564
49536
35857
60814
52198
10285
44838
39568
38115
61718
11226
40949
53547
40631
46502
55712
56971
14461
47564
17300
19556
53993
1962
16998
24637
59843
52536
59520
34150
39122
50929
12615
53490
35269
6981
30145
65291
29541
41509
25009
20853
35120
61634
40053
63639
56626
49501
3995
43278
3590
18744
37457
45792
51286
47572
51982
51417
60044
24739
7597
58641
6173
43684
45942
49837
8658
35039
36468
41841
1143
15922
59056
31083
37832
60416
47682
3951
20374
38298
27287
2464
60880
13760
62796
43025
41247
15174
40717
49177
56198
63426
45117
9107
6455
1488
7284
36075
17055
925
18715
12026
16396
33701
1569
29576
33879
3752
53642
35713
61724
48647
30679
31759
24790
9350
63274
15022
38863
49277
35282
61434
53154
56740
64766
22076
12606
30134
44599
53182
63765
4702
62428
50834
27304
24824
60775
19184
59762
33835
50594
22226
4771
42912
49671
10481
31243
3955
55746
37804
14210
58693
23305
50220
59377
23098
44292
5558
29330
32410
55718
60591
42391
39596
52487
15616
29849
9305
26095
19602
46926
37190
51828
19185
45719
4346
42959
18318
20076
45731
46906
31073
36085
58582
56424
26892
17611
1287
5211
2049
36477
58335
34800
19292
7079
390
7897
56994
10585
45421
10693
56219
55311
460
64273
56553
5733
55999
61092
9151
61198
55307
29972
45767
29814
43326
24837
15441
2571
28667
29466
27098
5995
5952
33054
5558
64739
59909
14261
30981
58858
15991
38054
25662
21755
20342
61202
51997
45060
40229
40518
16301
40432
13892
16129
33884
23534
37832
61960
14555
20323
5053
31467
6095
43608
42676
47958
23014
12420
54550
55883
13149
12887
1308
63113
56611
26986
54201
56637
41968
43558
22237
58951
39626
2871
57227
57691
30030
30943
7481
44039
46559
1275
5963
19707
42067
174
15095
55917
61153
19553
37404
42505
56309
63814
47309
23537
19975
24208
26465
51101
51614
57587
48687
15226
55498
62040
48859
54848
19237
38645
56398
52583
58249
4403
14692
26153
51086
2532
61385
14097
58853
24994
28245
14139
8745
19988
7001
65301
38555
56001
35535
55871
38709
54293
65513
30942
55544
50558
41768
24470
7121
22711
35620
8955
43163
4744
48700
7860
53788
61102
43377
63687
11963
40408
36631
56042
2318
34335
246
38948
42251
41946
33872
24265
34042
28097
49760
28335
50339
26212
58417
39593
37686
26061
39024
6170
61178
9721
7219
61484
40958
8834
44626
20598
6911
60534
3962
44766
41763
889
36012
44395
35504
23718
47117
40459
44395
35960
56673
54387
38447
4842
20507
46593
11800
53792
64435
28705
47960
21216
4765
2447
39736
47133
43992
7925
32342
30153
39552
4325
16003
43185
10699
26627
47638
50830
56884
25797
57766
11721
65227
7394
23460
40203
33159
1511
5346
39260
38793
53241
8721
7035
16591
28247
49767
13670
19352
3294
57240
17023
15612
56458
10382
41329
47514
31380
15300
55531
26460
63354
49717
55811
48470
41896
11379
19328
29584
40538
54639
9037
8883
10599
48701
54748
12294
32930
16952
38444
22800
19786
25131
4227
4292
14392
36430
26296
62224
32265
45408
18609
30029
16057
32304
15645
20163
33811
48399
60608
29571
18551
41839
63729
59753
12525
44851
2068
57049
46213
19492
31897
55216
11400
13068
59679
15020
5050
45154
41635
10276
58807
5958
6256
1300
27292
19529
32625
35840
65406
60466
34146
3623
47779
57652
28986
16491
56215
24157
51204
18248
29073
9083
1212
57625
60760
60358
26544
3420
41579
21054
1665
5837
34391
56974
34847
53451
2132
56242
54041
20828
7246
21214
39185
56569
45040
28722
40186
4677
3630
30899
27965
58248
51275
34370
37094
39747
233
51002
27930
25363
10663
47705
60122
58301
57961
9747
14067
42744
37844
28323
45806
28546
63900
48782
11372
34080
47179
35610
38855
51533
5633
44037
16236
61580
54167
11507
11563
34477
60889
34848
38664
18809
15478
32306
50624
36259
35605
47111
40477
49071
11721
34946
52954
2135
42552
23694
35205
10084
15415
21031
46108
23012
15592
50669
35167
28927
45555
34570
24318
11305
20376
13777
54761
1126
58114
61741
1936
5194
35813
43819
54966
65143
64730
40089
16204
13016
37647
64434
45652
57866
52413
18354
37061
45924
6848
49128
25142
27773
9619
29217
1600
55715
7084
52162
63436
17859
8399
5620
21627
2212
58969
14182
44040
31219
26897
35954
53404
465
52290
46681
53646
37120
52007
46159
57545
58965
43575
15815
33575
7771
28728
6607
61950
41026
35516
64964
6786
26571
61123
1874
45575
40611
42185
48611
17521
1091
53505
20608
42048
4770
23208
26539
12613
51464
63897
31856
48516
28283
1699
19089
37699
47681
48579
32885
14578
12476
40178
6890
36293
15413
54838
13777
14949
59731
1669
40099
15592
18632
27013
19738
2768
62549
18247
45059
55948
24114
52797
20702
52126
9977
18187
48191
6842
14479
52742
43883
13401
53771
36371
12834
64306
22802
20096
25360
20141
24323
26969
62440
23304
7467
65328
30961
14184
9140
34809
38201
34932
13293
7265
46022
51350
44168
57084
19491
10821
45334
55053
22818
28791
16928
60272
51121
64709
16798
1964
15293
4421
25078
4649
56206
8345
13960
44702
15822
45047
45284
56
25118
16543
12734
22052
2006
2343
62556
35393
26001
52433
63405
22959
40644
34144
8683
60699
21273
46105
8697
30381
30893
54424
479
58896
63757
41068
52450
20129
24249
30860
58412
50510
21259
42001
5193
24646
49947
60413
34997
20515
21157
63461
7639
6125
57810
26058
25560
6997
36620
4723
52644
33064
9233
63332
6630
61170
45019
1996
27628
61568
48439
10642
21096
51259
27101
24230
5042
42074
19351
54340
32550
18822
6640
29715
11199
9421
8926
12780
8290
6908
42660
7286
40225
5712
63831
33080
13351
65175
45326
22841
22806
55195
50448
24258
50372
24459
19914
47752
63895
64114
8807
41685
35041
7818
7387
65298
22142
38707
20624
50287
9081
32044
34901
11209
10032
24494
17933
6273
54690
21665
50313
17970
43098
60057
10919
20860
55254
56182
62818
46375
18213
32564
53835
34577
6884
30237
37373
13820
20611
59652
54603
63898
46208
32536
10322
46087
62291
6598
10062
37565
27097
17459
35209
44676
38858
63430
14771
44068
9690
42113
22274
28729
59843
56055
21182
55797
43659
21414
23723
4312
25530
27493
60331
33572
26659
63644
36934
38780
35656
56414
60592
25830
61290
27385
43591
54698
20601
27129
4354
8118
32349
12418
20399
2663
31186
28590
16136
51417
61937
57898
36383
50622
35262
22605
55227
62267
27207
31859
4105
19941
7244
55614
14944
39171
51750
54780
59948
18021
49257
30308
54339
51032
41350
6821
59022
50554
38208
21366
40336
34298
37455
43210
37137
9928
10974
61197
1975
1016
38061
39794
8199
20964
344
19519
25407
26562
38629
23052
29540
55894
37177
27751
33762
4108
40234
58459
23108
50603
10982
61991
44040
64749
466
41532
21472
47970
25572
10987
19033
44575
44689
30928
49166
35731
4826
15648
44335
7714
25268
15721
55030
28027
17889
19631
10657
10198
63947
51143
4779
13810
53353
25482
10213
18628
58730
56899
47572
52843
8947
37850
62328
8658
1788
38148
64253
48476
7198
2104
41598
16206
44893
18319
39949
49869
58952
21768
42598
44992
9940
13282
18826
41325
16450
22152
41936
60366
29853
36573
63048
51109
29052
48431
37557
58234
42740
36062
60707
58289
16541
7016
58887
12141
14621
17359
61440
59242
44960
30257
11068
35507
7440
9683
20178
54448
42566
61516
54406
24775
53946
29308
26753
7240
54019
43758
46289
18641
43355
24875
28474
59039
40041
27450
24660
23457
24031
32707
36190
21798
18428
36292
61127
36631
55216
12698
40733
55555
37530
33484
24556
46217
56583
12880
19571
48445
43428
5881
19661
20265
47059
44375
26657
61999
15269
58068
39416
9318
12216
33173
1661
2914
22763
22151
23068
2655
166
45590
36286
28068
20513
22457
52179
55117
49888
18362
46146
38351
36649
1707
54143
65016
33525
55016
24967
6305
150
65165
47676
27057
32839
28238
28806
41446
44375
30106
30926
52492
5169
12762
34945
35253
34863
62522
58119
13570
10053
44463
1355
33115
10788
12958
45530
6000
21187
11838
35660
21933
26
49374
60146
31269
52697
46782
42482
30407
15742
16130
50549
18672
46229
26577
58665
47971
9881
42764
51892
13565
26260
39882
5059
33196
26727
57107
44985
54139
30230
52495
53615
2015
23339
7000
19333
8814
30313
35026
49529
8428
33924
47121
38069
12395
58113
10385
26397
20248
24754
25218
28139
34508
59773
25626
37661
33296
9569
36215
49247
55910
11155
20949
4699
9335
9276
61059
46555
34523
48008
38565
21962
26513
6817
56049
17632
24912
28043
58692
9492
21111
45816
29212
14508
52098
32046
32037
47100
13774
3434
45998
37562
11585
11808
18748
11411
31408
29435
28782
31199
20763
30648
64295
2293
36739
39312
409
61410
46546
13129
9076
15689
9406
22773
22524
64896
41973
60867
62546
34523
48012
9225
24901
37602
56764
39775
9529
53152
23742
24453
46717
31291
55497
14570
42537
2134
56241
36073
51512
48818
58476
12849
18676
7882
62226
99
59626
46570
50930
35960
49717
59926
37177
56412
60531
44988
43317
3770
56711
41481
44344
32695
34123
43933
36676
27864
35607
14295
40006
29208
10403
36337
35583
37959
62120
12990
32706
21407
38319
22727
7232
49088
7065
58922
40334
39379
43366
5508
8687
24642
49189
63269
59815
39027
23478
43586
34691
53117
19839
61523
11223
17141
2710
4910
20104
62913
37766
30426
36253
63827
65438
41105
52888
41082
26167
21462
47305
18049
57190
61184
15998
59118
55847
30774
53016
34152
7698
17268
6701
4755
32091
6337
44938
48083
58843
55821
57607
23837
52541
11532
39579
62080
32074
47648
20350
2412
43794
29401
16887
22481
35042
25409
30424
32251
10580
26776
62777
16812
10601
53594
45534
9292
37774
65026
32329
11103
63048
15795
19164
18401
42326
61136
26891
62273
1545
22487
2282
21462
48271
34526
36391
19735
46609
20428
30192
40060
50053
996
29073
5520
14777
45162
12102
18809
52138
15285
4015
16327
46783
26223
41892
10034
23545
60137
46221
25128
22630
47794
16878
35955
5760
15889
29159
7660
35322
12535
18373
1570
49522
58326
51945
17269
21629
35759
49832
22158
9341
9850
42923
35965
9212
4444
53833
35991
50188
12179
33884
27265
29420
39083
44071
27877
58700
46282
65167
46341
37661
1157
22647
35843
21443
49766
33075
63755
34105
40644
7057
59866
49489
57331
39365
39694
31634
26092
2500
15147
12072
33370
37215
44987
58638
19638
29512
42514
39260
6696
52301
38471
19162
55464
14428
50477
21247
63919
10566
52585
25995
47540
36996
3900
14001
16570
2897
3239
48730
17476
60426
22648
58807
6738
39234
60143
52033
24286
27870
5126
46650
19191
47289
43921
32876
23758
33370
2625
17493
23019
64645
49934
37830
60687
49571
27412
10212
1164
39337
25218
27409
22825
44938
15197
29287
28124
45974
34610
7384
18687
29278
12462
39846
62018
37069
43799
10801
4736
8656
63697
49320
41090
32129
22552
11374
36731
36822
24176
11649
34597
20484
54914
16434
49345
2914
26971
63832
54922
52834
54063
35181
506
54684
49854
4141
35864
41480
62
26855
19883
48862
43828
11925
24128
56740
37125
8049
55400
26031
62616
27397
13595
43517
56348
65438
13870
13444
22379
56246
18853
8819
16101
18767
258
18113
48430
19436
38847
15619
13879
32338
29615
42112
31272
1107
1173
59175
1622
1072
62522
23576
58261
40997
4000
22733
5117
20950
52920
20331
42735
54450
47242
43095
10703
61796
45624
48114
54385
40031
22245
1346
45890
65375
35402
17343
21034
56946
56691
27092
3981
37697
52692
20367
26776
29704
60671
13028
12559
61073
16488
4019
14961
63720
3919
5673
28086
62426
12654
20280
65300
48553
23983
13078
2528
27651
23222
64
62383
10676
986
29236
59176
48043
3426
43758
41042
10018
20913
58242
47555
29386
22581
41471
11407
29465
41971
24221
18136
43248
56928
14470
4885
20087
32796
58829
15730
43441
22388
42309
38496
14669
4100
39685
8206
36663
38048
19909
59367
48971
6579
55114
931
56804
60327
30897
25798
42778
24281
44301
64901
63430
47459
18617
1903
3397
17102
32748
7945
41373
2115
31064
14639
20789
4087
46341
39518
53476
58486
53677
31284
7248
55918
42072
49328
42150
50377
47197
11840
3960
44908
42604
46833
50676
25311
50257
26274
53292
16534
52232
23925
20235
29831
32065
61127
7426
37341
402
41594
46879
